31,1
31,3
60,4
60,3
60,2
60,1
60,0
59,3
59,2
59,1
59,0
58,3
58,2
58,1
58,0
57,4
57,3
57,2
57,1
57,0
56,4
56,3
56,2
56,1
56,0
51,4
51,3
51,2
51,1
51,0
50,4
50,3
50,2
50,1
50,0
48,5
48,4
48,3
48,2
48,1
48,0
45,5
45,4
45,3
45,2
45,1
45,0
20,3
20,2
20,1
19,3
19,2
19,1
18,3
18,1
12,3
14,1
12,2
14,3
12,1
13,1
11,3
13,3
11,2
11,1
10,3
10,2
10,1
9,3
9,2
9,1
8,3
8,2
8,1
3,3
3,2
3,1
2,2
2,3
2,1
0,0
62,34
62,33
62,32
62,31
62,30
62,29
62,28
62,27
62,26
62,25
62,24
62,23
62,22
62,21
62,20
62,19
62,18
62,17
62,16
62,15
